1 17 6
2 2 6
3 25 6
4 3 6
5 35 6
6 4 6
1 17 6
2 2 6
3 25 6
4 3 6
5 35 6
6 4 6
1 17 6
2 2 6
3 25 6
4 3 6
5 35 6
6 4 6
1 17 6
2 2 6
3 25 6
4 3 6
5 35 6
6 4 6
1 17 6
2 2 6
3 25 6
4 3 6
5 35 6
6 4 6
1 17 6
2 2 6
3 25 6
4 3 6
5 35 6
6 4 6
1 17 6
2 2 6
3 25 6
4 3 6
5 35 6
6 4 6
1 17 6
2 2 6
3 25 6
4 3 6
5 35 6
6 4 6
1 1.7 0.6
2 2 6
3 25 6
4 3 6
5 35 6
6 4 6
1 1.7 0.6
2 2 6
3 25 6
4 3 6
5 35 6
6 4 6
1 1.7 0.6
2 2 6
3 25 6
4 3 6
5 35 6
6 4 6
1 1.7 0.6
2 2 6
3 25 6
4 3 6
5 35 6
6 4 6
1 1.7 0.6
2 2 6
3 25 6
4 3 6
5 35 6
6 4 6
1 1.7 0.6
2 2 6
3 25 6
4 3 6
5 35 6
6 4 6
